function [aw,bw]=coeff_ab(lambda)

% María Eugenia Beget1 and Víctor Bettachini2 
% 1 Los Reseros y Las Cabañas s/n, 1686 Hurlingham, Buenos Aires, Argentina. Tel.: +54 11 4621 1684; fax: +54 11 4621 5663.
% mbeget@cnia.inta.gov.ar 
% 2 Laboratorio de Optoelectrónica, Instituto Tecnológico de Buenos Aires, Av. Eduardo Madero 399, C1106ACD Buenos Aires, Argentina.
% vbettach@itba.edu.ar

% Beget, M.E., V. A. Bettachini, C. Di Bella, F. Baret. 2013.  
% SAILHFlood: a radiative transfer model for flooded vegetation. Ecological Modelling, 257:25-35.


% Absorption coefficient (aw) m-1.  
% lambda=[400:2400]';
Tableaw=[400,0.023;401,0.0227;402,0.0224;403,0.0221;404,0.0218;405,0.0214;406,0.0211;407,0.0207;408,0.0204;409,0.0202;410,0.0199;411,0.0198;412,0.0196;413,0.0194;414,0.0192;415,0.019;416,0.0188;417,0.0185;418,0.0183;419,0.0181;420,0.0179;421,0.0177;422,0.0176;423,0.0175;424,0.0175;425,0.0174;426,0.0174;427,0.0173;428,0.0171;429,0.017;430,0.0168;431,0.0167;432,0.0165;433,0.0164;434,0.0163;435,0.0161;436,0.016;437,0.016;438,0.0159;439,0.0158;440,0.0158;441,0.0158;442,0.0158;443,0.0158;444,0.0158;445,0.0157;446,0.0157;447,0.0156;448,0.0156;449,0.0156;450,0.0156;451,0.014;452,0.014;453,0.014;454,0.014;455,0.014;456,0.0141;457,0.0141;458,0.0141;459,0.0141;460,0.0141;461,0.0142;462,0.0142;463,0.0142;464,0.0142;465,0.0142;466,0.0143;467,0.0143;468,0.0143;469,0.0144;470,0.0145;471,0.0145;472,0.0146;473,0.0147;474,0.0149;475,0.015;476,0.0152;477,0.0153;478,0.0155;479,0.0156;480,0.0158;481,0.0159;482,0.016;483,0.0162;484,0.0163;485,0.0165;486,0.0167;487,0.0169;488,0.0171;489,0.0173;490,0.0176;491,0.0179;492,0.0183;493,0.0186;494,0.0191;495,0.0195;496,0.02;497,0.0206;498,0.0212;499,0.0218;500,0.0224;501,0.0231;502,0.0237;503,0.0245;504,0.0252;505,0.026;506,0.0268;507,0.0276;508,0.0285;509,0.0294;510,0.0302;511,0.0312;512,0.032;513,0.0329;514,0.0338;515,0.0346;516,0.0353;517,0.036;518,0.0366;519,0.0372;520,0.0377;521,0.0382;522,0.0386;523,0.039;524,0.0394;525,0.0398;526,0.0402;527,0.0405;528,0.041;529,0.0414;530,0.0419;531,0.0424;532,0.043;533,0.0436;534,0.0442;535,0.0448;536,0.0455;537,0.0462;538,0.0469;539,0.0476;540,0.0483;541,0.0491;542,0.0498;543,0.0506;544,0.0514;545,0.0522;546,0.0529;547,0.0537;548,0.0545;549,0.0553;550,0.0561;551,0.0568;552,0.0575;553,0.0582;554,0.0588;555,0.0595;556,0.0601;557,0.0607;558,0.0614;559,0.0621;560,0.0627;561,0.0635;562,0.0642;563,0.065;564,0.0659;565,0.0668;566,0.0678;567,0.0689;568,0.0701;569,0.0715;570,0.0729;571,0.0745;572,0.0762;573,0.0781;574,0.0801;575,0.0823;576,0.0848;577,0.0874;578,0.0902;579,0.0933;580,0.0967;581,0.1006;582,0.1047;583,0.109;584,0.1136;585,0.1185;586,0.1238;587,0.1295;588,0.1356;589,0.142;590,0.1487;591,0.1557;592,0.163;593,0.1706;594,0.1786;595,0.1869;596,0.1954;597,0.2041;598,0.2127;599,0.2212;600,0.2291;601,0.2381;602,0.2442;603,0.2495;604,0.2539;605,0.2576;606,0.2607;607,0.2633;608,0.2655;609,0.2674;610,0.2691;611,0.2708;612,0.2725;613,0.2742;614,0.276;615,0.2777;616,0.2795;617,0.2813;618,0.2831;619,0.2848;620,0.2865;621,0.2882;622,0.2897;623,0.2912;624,0.2927;625,0.2941;626,0.2956;627,0.2971;628,0.2986;629,0.3001;630,0.3016;631,0.3032;632,0.3046;633,0.3061;634,0.3075;635,0.3088;636,0.3102;637,0.3116;638,0.3131;639,0.3146;640,0.3161;641,0.3126;642,0.3142;643,0.3158;644,0.3175;645,0.3193;646,0.3214;647,0.3237;648,0.3262;649,0.3291;650,0.3325;651,0.3362;652,0.3403;653,0.3448;654,0.3496;655,0.3546;656,0.3596;657,0.3647;658,0.3698;659,0.3747;660,0.3794;661,0.3838;662,0.3878;663,0.3914;664,0.3947;665,0.3976;666,0.4002;667,0.4097;668,0.4119;669,0.4141;670,0.4162;671,0.4183;672,0.4204;673,0.4226;674,0.4249;675,0.4273;676,0.4298;677,0.4324;678,0.435;679,0.4378;680,0.4408;681,0.4439;682,0.4474;683,0.4512;684,0.4555;685,0.4603;686,0.4657;687,0.4717;688,0.4784;689,0.4859;690,0.4942;691,0.5033;692,0.5133;693,0.5241;694,0.5358;695,0.5482;696,0.5615;697,0.5758;698,0.5909;699,0.607;700,0.624;701,0.639;702,0.6582;703,0.6786;704,0.7002;705,0.723;706,0.7471;707,0.7725;708,0.7995;709,0.828;710,0.8581;711,0.89;712,0.9238;713,0.9595;714,0.9972;715,1.0369;716,1.0787;717,1.1223;718,1.1676;719,1.2144;720,1.2632;721,1.3142;722,1.368;723,1.4247;724,1.4846;725,1.5476;726,1.6138;727,1.6826;728,1.7612;729,1.834;730,1.9071;731,1.9798;732,2.0512;733,2.1207;734,2.1872;735,2.2496;736,2.3072;737,2.3594;738,2.4064;739,2.4483;740,2.4851;741,2.5172;742,2.5447;743,2.5682;744,2.5882;745,2.6051;746,2.6192;747,2.6309;748,2.6407;749,2.6488;750,2.6556;751,2.6614;752,2.6664;753,2.6705;754,2.6736;755,2.6756;756,2.6763;757,2.6759;758,2.6744;759,2.672;760,2.6685;761,2.664;762,2.6584;763,2.6516;764,2.6435;765,2.6341;766,2.6234;767,2.6115;768,2.599;769,2.5863;770,2.5735;771,2.5604;772,2.5469;773,2.5329;774,2.5182;775,2.5026;776,2.4862;777,2.4688;778,2.4504;779,2.4306;780,2.4096;781,2.3876;782,2.3654;783,2.3437;784,2.3228;785,2.3029;786,2.2839;787,2.2657;788,2.2482;789,2.2313;790,2.2147;791,2.2257;792,2.209;793,2.193;794,2.1778;795,2.1633;796,2.1494;797,2.1361;798,2.1233;799,2.1111;800,2.0995;801,2.0632;802,2.0564;803,2.0515;804,2.0487;805,2.0482;806,2.0504;807,2.0552;808,2.0628;809,2.0733;810,2.0867;811,2.1034;812,2.1235;813,2.1471;814,2.1744;815,2.2053;816,2.2402;817,2.279;818,2.3217;819,2.3685;820,2.4201;821,2.4769;822,2.5377;823,2.6015;824,2.6674;825,2.7346;826,2.802;827,2.8691;828,2.9366;829,3.005;830,3.0737;831,3.1425;832,3.2107;833,3.2767;834,3.3397;835,3.4005;836,3.46;837,3.519;838,3.5782;839,3.6378;840,3.6978;841,3.7581;842,3.8186;843,3.8795;844,3.9404;845,4.0015;846,4.0625;847,4.1223;848,4.1801;849,4.2348;850,4.2853;851,4.3319;852,4.3754;853,4.4165;854,4.4561;855,4.4951;856,4.534;857,4.5726;858,4.6112;859,4.6497;860,4.688;861,4.7269;862,4.7665;863,4.8073;864,4.8492;865,4.8925;866,4.9367;867,4.9818;868,5.0279;869,5.0756;870,5.1253;871,5.1772;872,5.23;873,5.2826;874,5.3336;875,5.3815;876,5.4254;877,5.466;878,5.5043;879,5.5417;880,5.5793;881,5.618;882,5.6581;883,5.7;884,5.7436;885,5.7895;886,5.8379;887,5.8888;888,5.9423;889,5.9976;890,6.0544;891,6.1126;892,6.1715;893,6.2308;894,6.2903;895,6.3499;896,6.4094;897,6.468;898,6.5248;899,6.5792;900,6.6302;901,6.6777;902,6.7241;903,6.7726;904,6.8267;905,6.8901;906,6.9667;907,7.0601;908,7.1722;909,7.3051;910,7.4613;911,7.6424;912,7.8477;913,8.0751;914,8.3235;915,8.5926;916,8.8853;917,9.2049;918,9.5538;919,9.9354;920,10.3535;921,10.8106;922,11.3051;923,11.8325;924,12.3902;925,12.9763;926,13.5896;927,14.229;928,14.8916;929,15.5731;930,16.2676;931,16.9785;932,17.7097;933,18.4671;934,19.2572;935,20.0865;936,20.9602;937,21.8765;938,22.8336;939,23.8308;940,24.8669;941,25.9368;942,27.021;943,28.1051;944,29.1777;945,30.2326;946,31.2749;947,32.314;948,33.3581;949,34.4075;950,35.4562;951,36.4846;952,37.4855;953,38.4489;954,39.3631;955,40.2175;956,41.0056;957,41.7257;958,42.38;959,42.9713;960,43.5026;961,43.9771;962,44.3899;963,44.7445;964,45.0471;965,45.3057;966,45.528;967,45.7192;968,45.8811;969,46.0135;970,46.1156;971,46.1845;972,46.2181;973,46.214;974,46.1692;975,46.0802;976,45.9466;977,45.7744;978,45.5718;979,45.3478;980,45.1123;981,44.874;982,44.6349;983,44.3951;984,44.1546;985,43.9125;986,43.6641;987,43.4041;988,43.1275;989,42.8294;990,42.5043;991,42.1481;992,41.7619;993,41.3516;994,40.9219;995,40.4769;996,40.0218;997,39.5586;998,39.089;999,38.6144;1000,38.1359;1001,37.6546;1002,37.1718;1003,36.6883;1004,36.204;1005,35.7181;1006,35.2312;1007,34.744;1008,34.2589;1009,33.7783;1010,33.3044;1011,32.8376;1012,32.3772;1013,31.9222;1014,31.4697;1015,31.0165;1016,30.559;1017,30.0934;1018,29.6168;1019,29.1268;1020,28.6233;1021,28.107;1022,27.5789;1023,27.0421;1024,26.4995;1025,25.954;1026,25.4079;1027,24.8638;1028,24.3261;1029,23.7991;1030,23.2872;1031,22.7929;1032,22.3126;1033,21.8412;1034,21.3749;1035,20.9139;1036,20.4595;1037,20.0137;1038,19.5782;1039,19.155;1040,18.7459;1041,18.3516;1042,17.9732;1043,17.6113;1044,17.2664;1045,16.9371;1046,16.6219;1047,16.3199;1048,16.033;1049,15.7634;1050,15.5122;1051,15.2805;1052,15.0684;1053,14.8761;1054,14.7038;1055,14.5514;1056,14.4171;1057,14.2985;1058,14.1937;