function [r_s_d, r_d_d, r_s_o, r_d_o]=soil(lambda,ts,to)
format long;

% María Eugenia Beget1 and Víctor Bettachini2 
% 1 Los Reseros y Las Cabañas s/n, 1686 Hurlingham, Buenos Aires, Argentina. Tel.: +54 11 4621 1684; fax: +54 11 4621 5663.
% mbeget@cnia.inta.gov.ar 
% 2 Laboratorio de Optoelectrónica, Instituto Tecnológico de Buenos Aires, Av. Eduardo Madero 399, C1106ACD Buenos Aires, Argentina.
% vbettach@itba.edu.ar



% INPUTS: Soil_r_s_o, Soil_r_s_d, Soil_r_d_o, Soil_r_d_d

% Soil reflectance coefficients for 400 - 2400 nm at 1 nm resolution
% r_s_o            % bi-directional reflectance
% r_s_d            % directional-hemispherical reflectance
% r_d_o            % hemispherical-directional reflectance 
% r_d_d            % bi-hemispherical reflectance



%Replace vectors by soil reflectance coefficients for 400 - 2400nm at 1 nm
%resolution:
Soil_r_s_o=[0.1294;0.1311;0.1329;0.1346;0.1362;0.1376;0.139;0.1403;0.1415;0.1425;0.1434;0.1442;0.1449;0.1455;0.146;0.1465;0.147;0.1474;0.1478;0.1483;0.1487;0.149;0.1494;0.1498;0.1502;0.1506;0.1511;0.1516;0.1521;0.1527;0.1533;0.1539;0.1546;0.1553;0.1561;0.1569;0.1578;0.1587;0.1596;0.1605;0.1615;0.1625;0.1634;0.1643;0.1653;0.1662;0.167;0.1678;0.1685;0.1691;0.1697;0.1702;0.1707;0.1711;0.1714;0.1717;0.1719;0.1721;0.1722;0.1723;0.1723;0.1723;0.1722;0.1722;0.1722;0.1721;0.1721;0.1721;0.1721;0.1721;0.1721;0.1721;0.1722;0.1723;0.1723;0.1724;0.1725;0.1726;0.1727;0.1728;0.173;0.1731;0.1733;0.1735;0.1738;0.1741;0.1744;0.1747;0.1751;0.1755;0.176;0.1765;0.177;0.1776;0.1783;0.1789;0.1796;0.1804;0.1812;0.182;0.1829;0.1838;0.1848;0.1858;0.1868;0.1879;0.1889;0.1901;0.1912;0.1923;0.1935;0.1947;0.196;0.1973;0.1986;0.1999;0.2013;0.2027;0.2042;0.2056;0.2072;0.2087;0.2103;0.2119;0.2135;0.2151;0.2167;0.2184;0.2201;0.2218;0.2235;0.2252;0.2268;0.2285;0.2302;0.2318;0.2335;0.2351;0.2367;0.2383;0.2399;0.2414;0.2429;0.2443;0.2457;0.2471;0.2484;0.2497;0.2509;0.2521;0.2532;0.2544;0.2554;0.2565;0.2575;0.2585;0.2595;0.2605;0.2614;0.2623;0.2632;0.2641;0.2649;0.2657;0.2664;0.2672;0.2679;0.2686;0.2692;0.2699;0.2705;0.2711;0.2717;0.2722;0.2727;0.2731;0.2735;0.2739;0.2742;0.2744;0.2747;0.2749;0.275;0.2752;0.2752;0.2753;0.2753;0.2753;0.2753;0.2752;0.2751;0.2751;0.275;0.2749;0.2748;0.2747;0.2746;0.2744;0.2743;0.2741;0.2739;0.2737;0.2734;0.2732;0.2729;0.2726;0.2723;0.272;0.2717;0.2715;0.2712;0.2709;0.2707;0.2704;0.2702;0.2699;0.2696;0.2693;0.2691;0.2687;0.2684;0.2681;0.2678;0.2675;0.2671;0.2668;0.2665;0.2662;0.2659;0.2656;0.2653;0.265;0.2648;0.2645;0.2642;0.264;0.2637;0.2635;0.2632;0.2629;0.2626;0.2624;0.2621;0.2618;0.2615;0.2613;0.261;0.2607;0.2605;0.2602;0.2599;0.2597;0.2594;0.2592;0.2589;0.2587;0.2585;0.2583;0.2581;0.2579;0.2577;0.2575;0.2574;0.2572;0.257;0.2568;0.2566;0.2563;0.2561;0.2559;0.2557;0.2555;0.2553;0.2551;0.2549;0.2547;0.2545;0.2543;0.2541;0.2539;0.2537;0.2536;0.2534;0.2533;0.2531;0.253;0.2529;0.2527;0.2526;0.2524;0.2523;0.2521;0.252;0.2518;0.2516;0.2515;0.2513;0.2511;0.2509;0.2508;0.2506;0.2504;0.2503;0.2501;0.25;0.2499;0.2497;0.2496;0.2495;0.2493;0.2492;0.2491;0.249;0.2488;0.2487;0.2485;0.2484;0.2482;0.2481;0.2479;0.2478;0.2476;0.2474;0.2473;0.2471;0.2469;0.2467;0.2466;0.2464;0.2462;0.2461;0.2459;0.2457;0.2456;0.2455;0.2453;0.2452;0.2451;0.245;0.2449;0.2447;0.2446;0.2445;0.2444;0.2443;0.2441;0.244;0.2439;0.2438;0.2437;0.2436;0.2435;0.2435;0.2434;0.2434;0.2434;0.2434;0.2434;0.2435;0.2436;0.2437;0.2438;0.244;0.2441;0.2443;0.2445;0.2447;0.2448;0.245;0.2451;0.2453;0.2454;0.2455;0.2456;0.2456;0.2456;0.2457;0.2456;0.2456;0.2455;0.2454;0.2453;0.2452;0.245;0.2448;0.2447;0.2445;0.2443;0.2441;0.2439;0.2437;0.2435;0.2433;0.2431;0.2429;0.2427;0.2424;0.2422;0.242;0.2418;0.2416;0.2414;0.2412;0.241;0.2408;0.2406;0.2404;0.2402;0.24;0.2398;0.2395;0.2393;0.239;0.2388;0.2385;0.2383;0.238;0.2378;0.2375;0.2373;0.237;0.2367;0.2365;0.2362;0.2359;0.2357;0.2354;0.2352;0.2349;0.2347;0.2345;0.2343;0.234;0.2338;0.2336;0.2334;0.2332;0.233;0.2328;0.2326;0.2325;0.2323;0.2321;0.2319;0.2317;0.2315;0.2313;0.2311;0.2309;0.2307;0.2304;0.2302;0.23;0.2298;0.2295;0.2293;0.229;0.2288;0.2285;0.2283;0.228;0.2278;0.2276;0.2274;0.2272;0.227;0.2268;0.2266;0.2264;0.2262;0.226;0.2258;0.2256;0.2254;0.2252;0.225;0.2248;0.2246;0.2245;0.2243;0.2241;0.2239;0.2237;0.2235;0.2233;0.2231;0.2229;0.2227;0.2225;0.2223;0.2221;0.2219;0.2217;0.2216;0.2213;0.2211;0.2209;0.2206;0.2204;0.2201;0.2198;0.2195;0.2192;0.2189;0.2186;0.2182;0.218;0.2177;0.2174;0.2172;0.217;0.2168;0.2166;0.2164;0.2162;0.216;0.2158;0.2156;0.2154;0.2152;0.215;0.2148;0.2146;0.2144;0.2142;0.214;0.2139;0.2137;0.2136;0.2134;0.2133;0.2132;0.213;0.2129;0.2128;0.2128;0.2128;0.2128;0.2128;0.2129;0.2129;0.213;0.213;0.2131;0.2131;0.2131;0.2131;0.2131;0.213;0.213;0.213;0.2131;0.2132;0.2133;0.2134;0.2136;0.2137;0.2138;0.2138;0.2138;0.2138;0.2138;0.2137;0.2137;0.2136;0.2135;0.2133;0.2131;0.213;0.2128;0.2128;0.2127;0.2127;0.2126;0.2126;0.2125;0.2124;0.2123;0.2122;0.2121;0.212;0.2119;0.2118;0.2117;0.2117;0.2116;0.2116;0.2115;0.2114;0.2113;0.2112;0.211;0.2109;0.2108;0.2107;0.2105;0.2104;0.2103;0.2102;0.21;0.21;0.2099;0.2098;0.2097;0.2096;0.2095;0.2094;0.2093;0.2092;0.2091;0.2089;0.2088;0.2087;0.2085;0.2084;0.2082;0.2081;0.2079;0.2077;0.2075;0.2074;0.2072;0.207;0.2069;0.2067;0.2066;0.2065;0.2064;0.2063;0.2062;0.2062;0.2061;0.2061;0.2061;0.2061;0.2061;0.2061;0.2061;0.2062;0.2062;0.2062;0.2062;0.2062;0.2062;0.2062;0.2062;0.2062;0.2062;0.2062;0.2062;0.2062;0.2062;0.2062;0.2062;0.2062;0.2062;0.2062;0.2062;0.2062;0.2062;0.2062;0.2063;0.2063;0.2063;0.2063;0.2063;0.2063;0.2063;0.2063;0.2063;0.2062;0.2062;0.2062;0.2061;0.2061;0.206;0.206;0.2059;0.2058;0.2058;0.2057;0.2056;0.2056;0.2055;0.2055;0.2055;0.2055;0.2054;0.2054;0.2054;0.2054;0.2054;0.2054;0.2054;0.2054;0.2054;0.2054;0.2055;0.2055;0.2055;0.2055;0.2055;0.2055;0.2055;0.2055;0.2055;0.2055;0.2055;0.2055;0.2054;0.2054;0.2053;0.2053;0.2052;0.2052;0.2052;0.2051;0.2051;0.205;0.2049;0.2049;0.2048;0.2047;0.2046;0.2045;0.2044;0.2043;0.2042;0.204;0.2039;0.2037;0.2035;0.2033;0.2031;0.2029;0.2026;0.2024;0.2021;0.2017;0.2014;0.201;0.2006;0.2002;0.1998;0.1993;0.1989;0.1984;0.1979;0.1974;0.1969;0.1964;0.1959;0.1954;0.1949;0.1945;0.194;0.1935;0.1931;0.1926;0.1921;0.1917;0.1912;0.1908;0.1904;0.1899;0.1895;0.1891;0.1887;0.1883;0.1879;0.1875;0.1871;0.1867;0.1863;0.1859;0.1856;0.1852;0.1848;0.1844;0.184;0.1836;0.1832;0.1828;0.1824;0.182;0.1816;0.1812;0.1807;0.1803;0.1799;0.1795;0.1791;0.1786;0.1782;0.1778;0.1774;0.177;0.1766;0.1762;0.1758;0.1754;0.1751;0.1747;0.1744;0.174;0.1737;0.1734;0.1732;0.1729;0.1727;0.1726;0.1724;0.1723;0.1722;0.1722;0.1722;0.1722;0.1722;0.1723;0.1724;0.1726;0.1727;0.1729;0.1732;0.1734;0.1737;0.174;0.1743;0.1747;0.175;0.1754;0.1758;0.1762;0.1766;0.1771;0.1775;0.1779;0.1783;0.1787;0.1791;0.1795;0.1799;0.1803;0.1806;0.181;0.1813;0.1816;0.1819;0.1822;0.1825;0.1827;0.183;0.1832;0.1835;0.1837;0.1839;0.1841;0.1844;0.1846;0.1847;0.1849;0.1851;0.1853;0.1855;0.1856;0.1858;0.186;0.1861;0.1863;0.1864;0.1866;0.1868;0.1869;0.187;0.1872;0.1873;0.1874;0.1875;0.1876;0.1877;0.1878;0.1878;0.1878;0.1879;0.1879;0.1879;0.1879;0.1879;0.1879;0.1879;0.1879;0.1879;0.1879;0.1879;0.188;0.188;0.188;0.188;0.188;0.188;0.188;0.188;0.188;0.188;0.188;0.188;0.188;0.188;0.188;0.1879;0.1879;0.1879;0.1878;0.1878;0.1877;0.1877;0.1876;0.1876;0.1875;0.1875;0.1875;0.1875;0.1875;0.1874;0.1874;0.1874;0.1874;0.1874;0.1873;0.1873;0.1872;0.1872;0.1871;0.187;0.1869;0.1867;0.1866;0.1864;0.1862;0.1859;0.1856;0.1853;0.185;0.1846;0.1842;0.1837;0.1833;0.1828;0.1822;0.1817;0.1812;0.1806;0.18;0.1794;0.1789;0.1783;0.1777;0.1771;0.1765;0.176;0.1754;0.1748;0.1742;0.1736;0.1731;0.1725;0.1719;0.1713;0.1707;0.17;0.1694;0.1688;0.1681;0.1675;0.1668;0.1662;0.1655;0.1649;0.1642;0.1636;0.163;0.1624;0.1618;0.1612;0.1606;0.1601;0.1596;0.1591;0.1587;0.1583;0.1579;0.1576;0.1573;0.157;0.1568;0.1566;0.1565;0.1564;0.1563;0.1562;0.1561;0.1561;0.156;0.156;0.1559;0.1558;0.1557;0.1556;0.1555;0.1554;0.1552;0.1551;0.1549;0.1548;0.1546;0.1545;0.1544;0.1543;0.1542;0.1541;0.154;0.154;0.154;0.1539;0.1539;0.1539;0.1539;0.1539;0.154;0.154;0.154;0.154;0.154;